0.0045 358.475
0.009 179.13
0.0135 119.348
0.018 89.4573
0.0225 71.5229
0.027 59.5665
0.0315 51.0263
0.036 44.6211
0.0405 39.6393
0.045 35.6539
0.0495 32.393
0.054 29.6757
0.0585 27.3764
0.063 25.4056
0.0675 23.6975
0.072 22.203
0.0765 20.8843
0.081 19.7121
0.0855 18.6633
0.09 17.7194
0.0945 16.8653
0.099 16.089
0.1035 15.3801
0.108 14.7303
0.1125 14.1325
0.117 13.5806
0.1215 13.0697
0.126 12.5952
0.1305 12.1535
0.135 11.7412
0.1395 11.3555
0.144 10.9939
0.1485 10.6543
0.153 10.3346
0.1575 10.0332
0.162 9.74849
0.1665 9.4792
0.171 9.22409
0.1755 8.98206
0.18 8.75213
0.1845 8.53342
0.189 8.32512
0.1935 8.12651
0.198 7.93693
0.2025 7.75577
0.207 7.58249
0.2115 7.41658
0.216 7.25759
0.2205 7.10509
0.225 6.95868
0.2295 6.81802
0.234 6.68277
0.2385 6.55262
0.243 6.42729
0.2475 6.30652
0.252 6.19006
0.2565 6.07769
0.261 5.96919
0.2655 5.86437
0.27 5.76305
0.2745 5.66505
0.279 5.57021
0.2835 5.47837
0.288 5.38941
0.2925 5.30319
0.297 5.21958
0.3015 5.13847
0.306 5.05974
0.3105 4.98329
0.315 4.90903
0.3195 4.83686
0.324 4.76669
0.3285 4.69845
0.333 4.63205
0.3375 4.56742
0.342 4.50449
0.3465 4.4432
0.351 4.38347
0.3555 4.32526
0.36 4.26851
0.3645 4.21316
0.369 4.15915
0.3735 4.10645
0.378 4.055
0.3825 4.00477
0.387 3.9557
0.3915 3.90776
0.396 3.86091
0.4005 3.81511
0.405 3.77033
0.4095 3.72653
0.414 3.68369
0.4185 3.64177
0.423 3.60074
0.4275 3.56057
0.432 3.52124
0.4365 3.48272
0.441 3.44499
0.4455 3.40802
0.45 3.37178
0.4545 3.33627
0.459 3.30145
0.4635 3.26731
0.468 3.23383
0.4725 3.20098
0.477 3.16875
0.4815 3.13713
0.486 3.10609
0.4905 3.07562
0.495 3.0457
0.4995 3.01633
0.504 2.98747
0.5085 2.95913
0.513 2.93129
0.5175 2.90393
0.522 2.87704
0.5265 2.85061
0.531 2.82463
0.5355 2.79909
0.54 2.77397
0.5445 2.74927
0.549 2.72497
0.5535 2.70107
0.558 2.67755
0.5625 2.65441
0.567 2.63163
0.5715 2.60922
0.576 2.58715
0.5805 2.56543
0.585 2.54404
0.5895 2.52298
0.594 2.50224
0.5985 2.48181
0.603 2.46168
0.607499 2.44185
0.611999 2.42232
0.616499 2.40306
0.620999 2.38409
0.625499 2.36539
0.629999 2.34696
0.634499 2.32879
0.638999 2.31087
0.643499 2.29321
0.647999 2.27579
0.652499 2.25861
0.656999 2.24167
0.661499 2.22496
0.665999 2.20847
0.670499 2.1922
0.674999 2.17616
0.679499 2.16032
0.683999 2.14469
0.688499 2.12927
0.692999 2.11405
0.697499 2.09902
0.701999 2.08418
0.706499 2.06954
0.710999 2.05508
0.715499 2.0408
0.719999 2.0267
0.724499 2.01278
0.728999 1.99903
0.733499 1.98544
0.737999 1.97202
0.742499 1.95877
0.746999 1.94567
0.751499 1.93273
0.755999 1.91995
0.760499 1.90732
0.764998 1.89483
0.769498 1.88249
0.773998 1.8703
0.778498 1.85824
0.782998 1.84633
0.787498 1.83455
0.791998 1.8229
0.796498 1.81139
0.800998 1.8
0.805498 1.78875
0.809998 1.77761
0.814498 1.7666
0.818998 1.75572
0.823498 1.74495
0.827998 1.73429
0.832498 1.72376
0.836998 1.71333
0.841498 1.70302
0.845998 1.69282
0.850498 1.68272
0.854998 1.67273
0.859498 1.66285
0.863998 1.65307
0.868498 1.64339
0.872998 1.63381
0.877498 1.62433
0.881998 1.61494
0.886498 1.60565
0.890998 1.59646
0.895498 1.58735
0.899998 1.57834
0.904498 1.56942
0.908998 1.56058
0.913498 1.55184
0.917998 1.54318
0.922498 1.5346
0.926997 1.5261
0.931497 1.51769
0.935997 1.50936
0.940497 1.50111
0.944997 1.49294
0.949497 1.48484
0.953997 1.47683
0.958497 1.46888
0.962997 1.46101
0.967497 1.45322
0.971997 1.44549
0.976497 1.43784
0.980997 1.43026
0.985497 1.42275
0.989997 1.4153
0.994497 1.40792
0.998997 1.40061
1.0035 1.39337
1.008 1.38619
1.0125 1.37907
1.017 1.37202
1.0215 1.36502
1.026 1.35809
1.0305 1.35122
1.035 1.34441
1.0395 1.33766
1.044 1.33097
1.0485 1.32433
1.053 1.31775
1.0575 1.31123
1.062 1.30476
1.0665 1.29835
1.071 1.29199
1.0755 1.28569
1.08 1.27943
1.0845 1.27323
1.089 1.26708
1.0935 1.26098
1.098 1.25493
1.1025 1.24893
1.107 1.24298
1.1115 1.23708
1.116 1.23122
1.1205 1.22541
1.125 1.21965
1.1295 1.21393
1.134 1.20826
1.1385 1.20264
1.143 1.19705
1.1475 1.19152
1.152 1.18602
1.1565 1.18057
1.161 1.17516
1.1655 1.16979
1.17 1.16447
1.1745 1.15918
1.179 1.15393
1.1835 1.14873
1.188 1.14356
1.1925 1.13844
1.197 1.13335
1.2015 1.1283
1.206 1.12328
1.2105 1.11831
1.215 1.11337
1.2195 1.10847
1.224 1.1036
1.2285 1.09877
1.233 1.09398
1.2375 1.08922
1.242 1.08449
1.2465 1.0798
1.251 1.07514
1.2555 1.07052
1.26 1.06592
1.2645 1.06137
1.269 1.05684
1.2735 1.05234
1.278 1.04788
1.2825 1.04345
1.287 1.03905
1.2915 1.03468
1.296 1.03034
1.3005 1.02603
1.305 1.02175
1.3095 1.0175
1.314 1.01328
1.3185 1.00909
1.323 1.00492
1.3275 1.00079
1.332 0.996678
1.3365 0.992598
1.341 0.988545
1.3455 0.98452
1.35 0.980521
1.3545 0.976549
1.359 0.972603
1.3635 0.968683
1.368 0.964789
1.3725 0.96092
1.377 0.957077
1.3815 0.953259
1.386 0.949465
1.3905 0.945696
1.395 0.941952
1.3995 0.938231
1.404 0.934535
1.4085 0.930862
1.413 0.927212
1.4175 0.923586
1.422 0.919982
1.4265 0.916401
1.431 0.912843
1.4355 0.909307
1.44 0.905793
1.4445 0.902301
1.449 0.898831
1.4535 0.895382
1.458 0.891955
1.4625 0.888548
1.467 0.885163
1.4715 0.881798
1.476 0.878454
1.4805 0.87513
1.485 0.871826
1.4895 0.868542
1.494 0.865278
1.4985 0.862034
1.503 0.858809
1.5075 0.855603
1.512 0.852416
1.5165 0.849249
1.521 0.8461
1.5255 0.842969
1.53 0.839857
1.5345 0.836763
1.539 0.833688
1.5435 0.83063
1.548 0.82759
1.5525 0.824568
1.557 0.821563
1.5615 0.818575
1.566 0.815605
1.5705 0.812652
1.575 0.809715
1.5795 0.806795
1.584 0.803892
1.5885 0.801005
1.593 0.798135
1.5975 0.795281
1.602 0.792442
1.6065 0.78962
1.611 0.786813
1.6155 0.784023
1.62 0.781247
1.6245 0.778487
1.629 0.775743
1.6335 0.773013
1.638 0.770298
1.6425 0.767598
1.647 0.764913
1.6515 0.762243
1.656 0.759587
1.6605 0.756946
1.665 0.754318
1.6695 0.751705
1.674 0.749106
1.6785 0.746521
1.683 0.74395
1.6875 0.741392
1.692 0.738848
1.6965 0.736318
1.701 0.733801
1.7055 0.731297
1.71 0.728806
1.7145 0.726329
1.719 0.723864
1.7235 0.721413
1.728 0.718974
1.7325 0.716547
1.737 0.714134
1.7415 0.711733
1.746 0.709344
1.7505 0.706967
1.755 0.704603
1.7595 0.70225
1.764 0.69991
1.7685 0.697582
1.773 0.695265
1.7775 0.69296
1.782 0.690667
1.7865 0.688385
1.791 0.686115
1.7955 0.683856
1.8 0.681608
1.8045 0.679372
1.809 0.677146
1.8135 0.674932
1.818 0.672729
1.8225 0.670536
1.827 0.668354
1.8315 0.666183
1.836 0.664023
1.8405 0.661873
1.845 0.659734
1.8495 0.657605
1.854 0.655486
1.8585 0.653377
1.863 0.651279
1.8675 0.649191
1.872 0.647112
1.8765 0.645044
1.881 0.642985
1.8855 0.640936
1.89 0.638897
1.8945 0.636868
1.899 0.634848
1.9035 0.632838
1.908 0.630837
1.9125 0.628845
1.917 0.626863
1.9215 0.624889
1.926 0.622925
1.9305 0.62097
1.935 0.619024
1.9395 0.617087
1.944 0.615158
1.9485 0.613239
1.953 0.611328
1.9575 0.609426
1.962 0.607532
1.9665 0.605647
1.971 0.60377
1.9755 0.601901
1.98 0.600041
1.9845 0.598189
1.989 0.596345
1.9935 0.594509
1.998 0.592682
2.0025 0.590862
2.007 0.58905
2.0115 0.587246
2.016 0.585449
2.0205 0.58366
2.025 0.581879
2.0295 0.580105
2.034 0.578338
2.0385 0.576579
2.043 0.574827
2.0475 0.573082
2.052 0.571344
2.0565 0.569613
2.061 0.567889
2.0655 0.566172
2.07 0.564461
2.0745 0.562757
2.079 0.56106
2.0835 0.559369
2.088 0.557684
2.0925 0.556006
2.097 0.554333
2.1015 0.552667
2.106 0.551006
2.1105 0.549352
2.115 0.547703
2.1195 0.546059
2.124 0.544421
2.1285 0.542788
2.133 0.54116
2.1375 0.539537
2.142 0.537919
2.1465 0.536305
2.151 0.534697
2.1555 0.533092
2.16 0.531492
2.1645 0.529895
2.169 0.528302
2.1735 0.526713
2.178 0.525128
2.1825 0.523545
2.187 0.521965
2.1915 0.520388
2.196 0.518814
2.2005 0.517241
2.205 0.515671
2.2095 0.514102
2.214 0.512534
2.2185 0.510968
2.223 0.509402
2.2275 0.507837
2.232 0.506271
2.2365 0.504705
2.241 0.503138
2.2455 0.50157
2.25 0.5
2.2545 0.49843
2.259 0.496859
2.2635 0.495288
2.268 0.493717
2.2725 0.492147
2.277 0.490576
2.2815 0.489006
2.286 0.487436
2.2905 0.485865
2.295 0.484295
2.2995 0.482725
2.304 0.481156
2.3085 0.479586
2.313 0.478017
2.3175 0.476448
2.322 0.474879
2.3265 0.47331
2.331 0.471742
2.3355 0.470173
2.34 0.468606
2.3445 0.467038
2.349 0.465471
2.3535 0.463904
2.358 0.462338
2.3625 0.460772
2.367 0.459206
2.3715 0.45764
2.376 0.456076
2.3805 0.454511
2.385 0.452947
2.3895 0.451384
2.394 0.44982
2.3985 0.448258
2.403 0.446696
2.4075 0.445134
2.412 0.443573
2.4165 0.442013
2.421 0.440453
2.4255 0.438894
2.43 0.437335
2.4345 0.435777
2.439 0.434219
2.4435 0.432663
2.448 0.431107
2.4525 0.429551
2.457 0.427996
2.46149 0.426442
2.46599 0.424889
2.47049 0.423336
2.47499 0.421785
2.47949 0.420234
2.48399 0.418683
2.48849 0.417134
2.49299 0.415585
2.49749 0.414037
2.50199 0.41249
2.50649 0.410944
2.51099 0.409399
2.51549 0.407855
2.51999 0.406311
2.52449 0.404769
2.52899 0.403227
2.53349 0.401687
2.53799 0.400147
2.54249 0.398609
2.54699 0.397071
2.55149 0.395534
2.55599 0.393999
2.56049 0.392464
2.56499 0.390931
2.56949 0.389398
2.57399 0.387867
2.57849 0.386337
2.58299 0.384808
2.58749 0.38328
2.59199 0.381753
2.59649 0.380227
2.60099 0.378703
2.60549 0.37718
2.60999 0.375658
2.61449 0.374137
2.61899 0.372617
2.62349 0.371099
2.62799 0.369582
2.63249 0.368066
2.63699 0.366552
2.64149 0.365039
2.64599 0.363527
2.65049 0.362016
2.65499 0.360507
2.65949 0.359
2.66399 0.357493
2.66849 0.355989
2.67299 0.354485
2.67749 0.352983
2.68199 0.351482
2.68649 0.349983
2.69099 0.348486
2.69549 0.346989
2.69999 0.345495
2.70449 0.344002
2.70899 0.34251
2.71349 0.34102
2.71799 0.339532
2.72249 0.338045
2.72699 0.336559
2.73149 0.335076
2.73599 0.333594
2.74049 0.332113
2.74499 0.330634
2.74949 0.329157
2.75399 0.327682
2.75849 0.326208
2.76299 0.324736
2.76749 0.323266
2.77199 0.321798
2.77649 0.320331
2.78099 0.318866
2.78549 0.317403
2.78999 0.315941
2.79449 0.314482
2.79899 0.313024
2.80349 0.311568
2.80799 0.310114
2.81249 0.308662
2.81699 0.307212
2.82149 0.305763
2.82599 0.304317
2.83049 0.302873
2.83499 0.30143
2.83949 0.299989
2.84399 0.298551
2.84849 0.297114
2.85299 0.29568
2.85749 0.294247
2.86199 0.292816
2.86649 0.291388
2.87099 0.289961
2.87549 0.288537
2.87999 0.287115
2.88449 0.285694
2.88899 0.284276
2.89349 0.28286
2.89799 0.281446
2.90249 0.280035
2.90699 0.278625
2.91149 0.277218
2.91599 0.275813
2.92049 0.27441
2.92499 0.273009
2.92949 0.271611
2.93399 0.270215
2.93849 0.268821
2.94299 0.267429
2.94749 0.26604
2.95199 0.264653
2.95649 0.263268
2.96099 0.261885
2.96549 0.260505
2.96999 0.259128
2.97448 0.257752
2.97898 0.25638
2.98348 0.255009
2.98798 0.253641
2.99248 0.252275
2.99698 0.250912
3.00148 0.249551
3.00598 0.248193
3.01048 0.246837
3.01498 0.245484
3.01948 0.244133
3.02398 0.242785
3.02848 0.241439
3.03298 0.240096
3.03748 0.238756
3.04198 0.237417
3.04648 0.236082
3.05098 0.234749
3.05548 0.233419
3.05998 0.232091
3.06448 0.230767
3.06898 0.229444
3.07348 0.228125
3.07798 0.226808
3.08248 0.225494
3.08698 0.224182
3.09148 0.222873
3.09598 0.221567
3.10048 0.220264
3.10498 0.218963
3.10948 0.217666
3.11398 0.216371
3.11848 0.215078
3.12298 0.213789
3.12748 0.212502
3.13198 0.211219
3.13648 0.209938
3.14098 0.20866
3.14548 0.207385
3.14998 0.206113
3.15448 0.204843
3.15898 0.203577
3.16348 0.202313
3.16798 0.201053
3.17248 0.199795
3.17698 0.19854
3.18148 0.197289
3.18598 0.19604
3.19048 0.194794
3.19498 0.193552
3.19948 0.192312
3.20398 0.191076
3.20848 0.189842
3.21298 0.188611
3.21748 0.187384
3.22198 0.18616
3.22648 0.184938
3.23098 0.18372
3.23548 0.182505
3.23998 0.181293
3.24448 0.180085
3.24898 0.178879
3.25348 0.177677
3.25798 0.176477
3.26248 0.175281
3.26698 0.174089
3.27148 0.172899
3.27598 0.171713
3.28048 0.170529
3.28498 0.16935
3.28948 0.168173
3.29398 0.167
3.29848 0.16583
3.30298 0.164663
3.30748 0.163499
3.31198 0.162339
3.31648 0.161182
3.32098 0.160029
3.32548 0.158879
3.32998 0.157732
3.33448 0.156589
3.33898 0.155449
3.34348 0.154312
3.34798 0.153179
3.35248 0.152049
3.35698 0.150923
3.36148 0.1498
3.36598 0.148681
3.37048 0.147565
3.37498 0.146452
3.37948 0.145343
3.38398 0.144238
3.38848 0.143136
3.39298 0.142037
3.39748 0.140942
3.40198 0.139851
3.40648 0.138763
3.41098 0.137679
3.41548 0.136598
3.41998 0.135521
3.42448 0.134448
3.42898 0.133378
3.43348 0.132312
3.43798 0.131249
3.44248 0.13019
3.44698 0.129135
3.45148 0.128083
3.45598 0.127035
3.46048 0.125991
3.46498 0.12495
3.46948 0.123913
3.47398 0.12288
3.47848 0.121851
3.48298 0.120825
3.48747 0.119803
3.49197 0.118784
3.49647 0.11777
3.50097 0.116759
3.50547 0.115752
3.50997 0.114749
3.51447 0.11375
3.51897 0.112754
3.52347 0.111762
3.52797 0.110774
3.53247 0.10979
3.53697 0.10881
3.54147 0.107834
3.54597 0.106861
3.55047 0.105893
3.55497 0.104928
3.55947 0.103967
3.56397 0.10301
3.56847 0.102057
3.57297 0.101108
3.57747 0.100163
3.58197 0.0992221
3.58647 0.0982849
3.59097 0.0973516
3.59547 0.0964223
3.59997 0.0954971
3.60447 0.0945758
3.60897 0.0936585
3.61347 0.0927452
3.61797 0.0918359
3.62247 0.0909307
3.62697 0.0900295
3.63147 0.0891323
3.63597 0.0882393
3.64047 0.0873502
3.64497 0.0864652
3.64947 0.0855843
3.65397 0.0847075
3.65847 0.0838348
3.66297 0.0829662
3.66747 0.0821018
3.67197 0.0812415
3.67647 0.0803852
3.68097 0.0795331
3.68547 0.0786852
3.68997 0.0778414
3.69447 0.0770019
3.69897 0.0761664
3.70347 0.0753351
3.70797 0.0745081
3.71247 0.0736853
3.71697 0.0728666
3.72147 0.0720522
3.72597 0.0712419
3.73047 0.070436
3.73497 0.0696343
3.73947 0.0688368
3.74397 0.0680436
3.74847 0.0672546
3.75297 0.0664699
3.75747 0.0656895
3.76197 0.0649134
3.76647 0.0641415
3.77097 0.0633739
3.77547 0.0626107
3.77997 0.0618518
3.78447 0.0610972
3.78897 0.060347
3.79347 0.059601
3.79797 0.0588595
3.80247 0.0581223
3.80697 0.0573895
3.81147 0.056661
3.81597 0.0559368
3.82047 0.0552171
3.82497 0.0545017
3.82947 0.0537908
3.83397 0.0530843
3.83847 0.0523821
3.84297 0.0516844
3.84747 0.0509911
3.85197 0.0503022
3.85647 0.0496178
3.86097 0.0489379
3.86547 0.0482624
3.86997 0.0475913
3.87447 0.0469247
3.87897 0.0462626
3.88347 0.0456049
3.88797 0.0449518
3.89247 0.0443031
3.89697 0.0436589
3.90147 0.0430192
3.90597 0.0423841
3.91047 0.0417534
3.91497 0.0411273
3.91947 0.0405057
3.92397 0.0398887
3.92847 0.0392761
3.93297 0.0386682
3.93747 0.0380648
3.94197 0.0374659
3.94647 0.0368716
3.95097 0.0362819
3.95547 0.0356967
3.95997 0.0351162
3.96447 0.0345401
3.96897 0.0339688
3.97347 0.033402
3.97797 0.0328398
3.98247 0.0322823
3.98697 0.0317293
3.99147 0.031181
3.99597 0.0306372
4.00046 0.0300982
4.00496 0.0295638
4.00946 0.029034
4.01396 0.0285088
4.01846 0.0279883
4.02296 0.0274725
4.02746 0.0269614
4.03196 0.0264548
4.03646 0.025953
4.04096 0.0254559
4.04546 0.0249634
4.04996 0.0244756
4.05446 0.0239925
4.05896 0.0235142
4.06346 0.0230404
4.06796 0.0225715
4.07246 0.0221072
4.07696 0.0216477
4.08146 0.0211929
4.08596 0.0207427
4.09046 0.0202974
4.09496 0.0198568
4.09946 0.0194208
4.10396 0.0189897
4.10846 0.0185633
4.11296 0.0181416
4.11746 0.0177247
4.12196 0.0173126
4.12646 0.0169052
4.13096 0.0165026
4.13546 0.0161048
4.13996 0.0157117
4.14446 0.0153234
4.14896 0.0149399
4.15346 0.0145612
4.15796 0.0141873
4.16246 0.0138181
4.16696 0.0134538
4.17146 0.0130943
4.17596 0.0127396
4.18046 0.0123896
4.18496 0.0120445
4.18946 0.0117043
4.19396 0.0113688
4.19846 0.0110382
4.20296 0.0107124
4.20746 0.0103914
4.21196 0.0100752
4.21646 0.00976387
4.22096 0.00945741
4.22546 0.00915575
4.22996 0.00885898
4.23446 0.00856701
4.23896 0.00827989
4.24346 0.00799766
4.24796 0.00772026
4.25246 0.00744772
4.25696 0.00718006
4.26146 0.00691724
4.26596 0.0066593
4.27046 0.00640625
4.27496 0.00615805
4.27946 0.00591472
4.28396 0.00567624
4.28846 0.00544268
4.29296 0.00521398
4.29746 0.00499019
4.30196 0.00477126
4.30646 0.00455722
4.31096 0.00434807
4.31546 0.0041438
4.31996 0.00394443
4.32446 0.00375
4.32896 0.00356039
4.33346 0.00337574
4.33796 0.003196
4.34246 0.00302112
4.34696 0.00285116
4.35146 0.00268611
4.35596 0.00252596
4.36046 0.00237072
4.36496 0.00222039
4.36946 0.00207499
4.37396 0.0019345
4.37846 0.0017989
4.38296 0.00166824
4.38746 0.00154248
4.39196 0.00142166
4.39646 0.00130576
4.40096 0.00119478
4.40546 0.00108871
4.40996 0.000987589
4.41446 0.000891358
4.41896 0.000800073
4.42346 0.000713706
4.42796 0.000632286
4.43246 0.000555784
4.43696 0.000484198
4.44146 0.00041756
4.44596 0.00035584
4.45046 0.000299066
4.45496 0.00024721
4.45946 0.000200272
4.46396 0.00015828
4.46846 0.000121236
4.47296 8.91089e-05
4.47746 6.19292e-05
4.48196 3.96669e-05
4.48646 2.23517e-05
4.49096 9.95398e-06
4.49546 2.5034e-06
4.49996 0
